St Paul segmented case south west Brunhes
-0.2000  -0.2400   0.0050   0.0050   0.0   81   105
2 8 8 0
0.1  1.50  -2.0  2.0  0.080
2 1 10.0  90.0  0.0
0 1 1 0.0 0.0
5  2.5  3.0
 -0.1400  -0.1104
 -0.1400   0.0000
 -0.0300   0.0000
 -0.0300  -0.1104
 -0.1400  -0.1104

St Paul segmented case south east Brunhes
-0.2000  -0.2400   0.0050   0.0050   0.0   81   105
2 8 8 0
0.1  1.50  -2.0  2.0  0.080
2 1 10.0  90.0  0.0
0 1 1 0.0 0.0
5  2.5  3.0
 -0.1400   0.0000
 -0.1400   0.1104
 -0.0300   0.1104
 -0.0300   0.0000
 -0.1400   0.0000

St Paul segmented case south west Matuyama 1
-0.2000  -0.2400   0.0050   0.0050   0.0   81   105
2 8 8 0
0.1  1.50  -2.0  2.0  0.080
2 1 10.0  -90.0  0.0
0 1 1 0.0 0.0
5  2.5  3.0
 -0.1400  -0.1397
 -0.1400  -0.1104
 -0.0300  -0.1104
 -0.0300  -0.1397
 -0.1400  -0.1397

St Paul segmented case south east Matuyama 1
-0.2000  -0.2400   0.0050   0.0050   0.0   81   105
2 8 8 0
0.1  1.50  -2.0  2.0  0.080
2 1 10.0  -90.0  0.0
0 1 1 0.0 0.0
5  2.5  3.0
 -0.1400   0.1104
 -0.1400   0.1397
 -0.0300   0.1397
 -0.0300   0.1104
 -0.1400   0.1104

St Paul segmented case south west Jaramillo
-0.2000  -0.2400   0.0050   0.0050   0.0   81   105
2 8 8 0
0.1  1.50  -2.0  2.0  0.080
2 1 10.0  90.0  0.0
0 1 1 0.0 0.0
5  2.5  3.0
 -0.1400  -0.1515
 -0.1400  -0.1397
 -0.0300  -0.1397
 -0.0300  -0.1515
 -0.1400  -0.1515

St Paul segmented case south east Jaramillo
-0.2000  -0.2400   0.0050   0.0050   0.0   81   105
2 8 8 0
0.1  1.50  -2.0  2.0  0.080
2 1 10.0  90.0  0.0
0 1 1 0.0 0.0
5  2.5  3.0
 -0.1400   0.1397
 -0.1400   0.1515
 -0.0300   0.1515
 -0.0300   0.1397
 -0.1400   0.1397

St Paul segmented case south west Matuyama 2
-0.2000  -0.2400   0.0050   0.0050   0.0   81   105
2 8 8 0
0.1  1.50  -2.0  2.0  0.080
2 1 10.0  -90.0  0.0
0 1 1 0.0 0.0
5  2.5  3.0
 -0.1400  -0.1658
 -0.1400  -0.1515
 -0.0300  -0.1515
 -0.0300  -0.1658
 -0.1400  -0.1658

St Paul segmented case south east Matuyama 2
-0.2000  -0.2400   0.0050   0.0050   0.0   81   105
2 8 8 0
0.1  1.50  -2.0  2.0  0.080
2 1 10.0  -90.0  0.0
0 1 1 0.0 0.0
5  2.5  3.0
 -0.1400   0.1515
 -0.1400   0.1658
 -0.0300   0.1658
 -0.0300   0.1515
 -0.1400   0.1515

St Paul segmented case north west Brunhes
-0.2000  -0.2400   0.0050   0.0050   0.0   81   105
2 8 8 0
0.1  1.50  -2.0  2.0  0.080
2 1 10.0  90.0  0.0
0 1 1 0.0 0.0
5  2.5  3.0
  0.0300  -0.0304
  0.0300   0.0800
  0.1400   0.0800
  0.1400  -0.0304
  0.0300  -0.0304

St Paul segmented case north east Brunhes
-0.2000  -0.2400   0.0050   0.0050   0.0   81   105
2 8 8 0
0.1  1.50  -2.0  2.0  0.080
2 1 10.0  90.0  0.0
0 1 1 0.0 0.0
5  2.5  3.0
  0.0300   0.0800
  0.0300   0.1904
  0.1400   0.1904
  0.1400   0.0800
  0.0300   0.0800

St Paul segmented case north west Matuyama 1
-0.2000  -0.2400   0.0050   0.0050   0.0   81   105
2 8 8 0
0.1  1.50  -2.0  2.0  0.080
2 1 10.0  -90.0  0.0
0 1 1 0.0 0.0
5  2.5  3.0
  0.0300  -0.0597
  0.0300  -0.0304
  0.1400  -0.0304
  0.1400  -0.0597
  0.0300  -0.0597

St Paul segmented case north east Matuyama 1
-0.2000  -0.2400   0.0050   0.0050   0.0   81   105
2 8 8 0
0.1  1.50  -2.0  2.0  0.080
2 1 10.0  -90.0  0.0
0 1 1 0.0 0.0
5  2.5  3.0
  0.0300   0.1904
  0.0300   0.2197
  0.1400   0.2197
  0.1400   0.1904
  0.0300   0.1904

St Paul segmented case north west Jaramillo
-0.2000  -0.2400   0.0050   0.0050   0.0   81   105
2 8 8 0
0.1  1.50  -2.0  2.0  0.080
2 1 10.0  90.0  0.0
0 1 1 0.0 0.0
5  2.5  3.0
  0.0300  -0.0715
  0.0300  -0.0597
  0.1400  -0.0597
  0.1400  -0.0715
  0.0300  -0.0715

St Paul segmented case north east Jaramillo
-0.2000  -0.2400   0.0050   0.0050   0.0   81   105
2 8 8 0
0.1  1.50  -2.0  2.0  0.080
2 1 10.0  90.0  0.0
0 1 1 0.0 0.0
5  2.5  3.0
  0.0300   0.2197
  0.0300   0.2315
  0.1400   0.2315
  0.1400   0.2197
  0.0300   0.2197

St Paul segmented case north west Matuyama 2
-0.2000  -0.2400   0.0050   0.0050   0.0   81   105
2 8 8 0
0.1  1.50  -2.0  2.0  0.080
2 1 10.0  -90.0  0.0
0 1 1 0.0 0.0
5  2.5  3.0
  0.0300  -0.0858
  0.0300  -0.0715
  0.1400  -0.0715
  0.1400  -0.0858
  0.0300  -0.0858

St Paul segmented case north east Matuyama 2
-0.2000  -0.2400   0.0050   0.0050   0.0   81   105
2 8 8 0
0.1  1.50  -2.0  2.0  0.080
2 1 10.0  -90.0  0.0
0 1 1 0.0 0.0
5  2.5  3.0
  0.0300   0.2315
  0.0300   0.2458
  0.1400   0.2458
  0.1400   0.2315
  0.0300   0.2315

St Paul segmented case transferred Jaramillo sliver
-0.2000  -0.2400   0.0050   0.0050   0.0   81   105
2 8 8 0
0.1  1.50  -2.0  2.0  0.080
2 1 6.0  90.0  0.0
0 1 1 0.0 0.0
9  2.5  3.0
 -0.0300   0.1397
 -0.0180   0.1480
 -0.0060   0.1600
  0.0060   0.1740
  0.0180   0.1940
  0.0300   0.2197
  0.0300   0.2315
 -0.0300   0.1515
 -0.0300   0.1397

St Paul segmented case TAG-like demagnetization correction
-0.2000  -0.2400   0.0050   0.0050   0.0   81   105
2 12 12 0
0.1  1.50  -2.0  2.0  0.080
2 1 8.0  -90.0  0.0
0 1 1 0.0 0.0
14  2.5  3.0
  0.0640   0.0680
  0.0600   0.0760
  0.0640   0.0860
  0.0710   0.0950
  0.0800   0.0980
  0.0900   0.0960
  0.1010   0.0910
  0.1080   0.0820
  0.1050   0.0730
  0.0980   0.0650
  0.0870   0.0620
  0.0750   0.0630
  0.0680   0.0650
  0.0640   0.0680
