St Paul symmetric polarity stripes west flank Brunhes
-0.1200  -0.4200   0.0050   0.0050   0.0   49   169
2 8 8 0
0.1  1.50  -2.0  2.0  0.080
2 1 10.0  90.0  0.0
0 1 1 0.0 0.0
5  2.5  3.0
 -0.05390  -0.1104
 -0.05390   0.0000
  0.05390   0.0000
  0.05390  -0.1104
 -0.05390  -0.1104

St Paul symmetric polarity stripes east flank Brunhes
-0.1200  -0.4200   0.0050   0.0050   0.0   49   169
2 8 8 0
0.1  1.50  -2.0  2.0  0.080
2 1 10.0  90.0  0.0
0 1 1 0.0 0.0
5  2.5  3.0
 -0.05390   0.0000
 -0.05390   0.1104
  0.05390   0.1104
  0.05390   0.0000
 -0.05390   0.0000

St Paul symmetric polarity stripes west flank Matuyama 1
-0.1200  -0.4200   0.0050   0.0050   0.0   49   169
2 8 8 0
0.1  1.50  -2.0  2.0  0.080
2 1 10.0  -90.0  0.0
0 1 1 0.0 0.0
5  2.5  3.0
 -0.05390  -0.1397
 -0.05390  -0.1104
  0.05390  -0.1104
  0.05390  -0.1397
 -0.05390  -0.1397

St Paul symmetric polarity stripes east flank Matuyama 1
-0.1200  -0.4200   0.0050   0.0050   0.0   49   169
2 8 8 0
0.1  1.50  -2.0  2.0  0.080
2 1 10.0  -90.0  0.0
0 1 1 0.0 0.0
5  2.5  3.0
 -0.05390   0.1104
 -0.05390   0.1397
  0.05390   0.1397
  0.05390   0.1104
 -0.05390   0.1104

St Paul symmetric polarity stripes west flank Jaramillo
-0.1200  -0.4200   0.0050   0.0050   0.0   49   169
2 8 8 0
0.1  1.50  -2.0  2.0  0.080
2 1 10.0  90.0  0.0
0 1 1 0.0 0.0
5  2.5  3.0
 -0.05390  -0.1515
 -0.05390  -0.1397
  0.05390  -0.1397
  0.05390  -0.1515
 -0.05390  -0.1515

St Paul symmetric polarity stripes east flank Jaramillo
-0.1200  -0.4200   0.0050   0.0050   0.0   49   169
2 8 8 0
0.1  1.50  -2.0  2.0  0.080
2 1 10.0  90.0  0.0
0 1 1 0.0 0.0
5  2.5  3.0
 -0.05390   0.1397
 -0.05390   0.1515
  0.05390   0.1515
  0.05390   0.1397
 -0.05390   0.1397

St Paul symmetric polarity stripes west flank Matuyama 2
-0.1200  -0.4200   0.0050   0.0050   0.0   49   169
2 8 8 0
0.1  1.50  -2.0  2.0  0.080
2 1 10.0  -90.0  0.0
0 1 1 0.0 0.0
5  2.5  3.0
 -0.05390  -0.1658
 -0.05390  -0.1515
  0.05390  -0.1515
  0.05390  -0.1658
 -0.05390  -0.1658

St Paul symmetric polarity stripes east flank Matuyama 2
-0.1200  -0.4200   0.0050   0.0050   0.0   49   169
2 8 8 0
0.1  1.50  -2.0  2.0  0.080
2 1 10.0  -90.0  0.0
0 1 1 0.0 0.0
5  2.5  3.0
 -0.05390   0.1515
 -0.05390   0.1658
  0.05390   0.1658
  0.05390   0.1515
 -0.05390   0.1515

St Paul symmetric polarity stripes west flank Cobb Mountain
-0.1200  -0.4200   0.0050   0.0050   0.0   49   169
2 8 8 0
0.1  1.50  -2.0  2.0  0.080
2 1 10.0  90.0  0.0
0 1 1 0.0 0.0
5  2.5  3.0
 -0.05390  -0.1675
 -0.05390  -0.1658
  0.05390  -0.1658
  0.05390  -0.1675
 -0.05390  -0.1675

St Paul symmetric polarity stripes east flank Cobb Mountain
-0.1200  -0.4200   0.0050   0.0050   0.0   49   169
2 8 8 0
0.1  1.50  -2.0  2.0  0.080
2 1 10.0  90.0  0.0
0 1 1 0.0 0.0
5  2.5  3.0
 -0.05390   0.1658
 -0.05390   0.1675
  0.05390   0.1675
  0.05390   0.1658
 -0.05390   0.1658

St Paul symmetric polarity stripes west flank Matuyama 3
-0.1200  -0.4200   0.0050   0.0050   0.0   49   169
2 8 8 0
0.1  1.50  -2.0  2.0  0.080
2 1 10.0  -90.0  0.0
0 1 1 0.0 0.0
5  2.5  3.0
 -0.05390  -0.2513
 -0.05390  -0.1675
  0.05390  -0.1675
  0.05390  -0.2513
 -0.05390  -0.2513

St Paul symmetric polarity stripes east flank Matuyama 3
-0.1200  -0.4200   0.0050   0.0050   0.0   49   169
2 8 8 0
0.1  1.50  -2.0  2.0  0.080
2 1 10.0  -90.0  0.0
0 1 1 0.0 0.0
5  2.5  3.0
 -0.05390   0.1675
 -0.05390   0.2513
  0.05390   0.2513
  0.05390   0.1675
 -0.05390   0.1675

St Paul symmetric polarity stripes west flank Olduvai
-0.1200  -0.4200   0.0050   0.0050   0.0   49   169
2 8 8 0
0.1  1.50  -2.0  2.0  0.080
2 1 10.0  90.0  0.0
0 1 1 0.0 0.0
5  2.5  3.0
 -0.05390  -0.2749
 -0.05390  -0.2513
  0.05390  -0.2513
  0.05390  -0.2749
 -0.05390  -0.2749

St Paul symmetric polarity stripes east flank Olduvai
-0.1200  -0.4200   0.0050   0.0050   0.0   49   169
2 8 8 0
0.1  1.50  -2.0  2.0  0.080
2 1 10.0  90.0  0.0
0 1 1 0.0 0.0
5  2.5  3.0
 -0.05390   0.2513
 -0.05390   0.2749
  0.05390   0.2749
  0.05390   0.2513
 -0.05390   0.2513

St Paul symmetric polarity stripes west flank Matuyama 4
-0.1200  -0.4200   0.0050   0.0050   0.0   49   169
2 8 8 0
0.1  1.50  -2.0  2.0  0.080
2 1 10.0  -90.0  0.0
0 1 1 0.0 0.0
5  2.5  3.0
 -0.05390  -0.3668
 -0.05390  -0.2749
  0.05390  -0.2749
  0.05390  -0.3668
 -0.05390  -0.3668

St Paul symmetric polarity stripes east flank Matuyama 4
-0.1200  -0.4200   0.0050   0.0050   0.0   49   169
2 8 8 0
0.1  1.50  -2.0  2.0  0.080
2 1 10.0  -90.0  0.0
0 1 1 0.0 0.0
5  2.5  3.0
 -0.05390   0.2749
 -0.05390   0.3668
  0.05390   0.3668
  0.05390   0.2749
 -0.05390   0.2749
