bangui published disc proxy source 1
-5.000000 8.000000 0.250000 0.250000 4.000000 81 89
1 1 1 1
0.1 1.50 -2.0 2.0 0.080
2 1 1.000000000e+01 58.698248 -129.880531
0 1 1 0.0 0.0
1.250000 0.750000 17.750000 17.250000 3.000000 7.500000

bangui published disc proxy source 2
-5.000000 8.000000 0.250000 0.250000 4.000000 81 89
1 1 1 1
0.1 1.50 -2.0 2.0 0.080
2 1 1.000000000e+01 58.698248 -129.380531
0 1 1 0.0 0.0
1.250000 0.750000 18.250000 17.750000 3.000000 7.500000

bangui published disc proxy source 3
-5.000000 8.000000 0.250000 0.250000 4.000000 81 89
1 1 1 1
0.1 1.50 -2.0 2.0 0.080
2 1 1.000000000e+01 58.698248 -128.880531
0 1 1 0.0 0.0
1.250000 0.750000 18.750000 18.250000 3.000000 7.500000

bangui published disc proxy source 4
-5.000000 8.000000 0.250000 0.250000 4.000000 81 89
1 1 1 1
0.1 1.50 -2.0 2.0 0.080
2 1 1.000000000e+01 58.698248 -128.380531
0 1 1 0.0 0.0
1.250000 0.750000 19.250000 18.750000 3.000000 7.500000

bangui published disc proxy source 5
-5.000000 8.000000 0.250000 0.250000 4.000000 81 89
1 1 1 1
0.1 1.50 -2.0 2.0 0.080
2 1 1.000000000e+01 58.698248 -127.880531
0 1 1 0.0 0.0
1.250000 0.750000 19.750000 19.250000 3.000000 7.500000

bangui published disc proxy source 6
-5.000000 8.000000 0.250000 0.250000 4.000000 81 89
1 1 1 1
0.1 1.50 -2.0 2.0 0.080
2 1 1.000000000e+01 58.276085 -131.317522
0 1 1 0.0 0.0
1.750000 1.250000 16.750000 16.250000 3.000000 7.500000

bangui published disc proxy source 7
-5.000000 8.000000 0.250000 0.250000 4.000000 81 89
1 1 1 1
0.1 1.50 -2.0 2.0 0.080
2 1 1.000000000e+01 58.276085 -130.817522
0 1 1 0.0 0.0
1.750000 1.250000 17.250000 16.750000 3.000000 7.500000

bangui published disc proxy source 8
-5.000000 8.000000 0.250000 0.250000 4.000000 81 89
1 1 1 1
0.1 1.50 -2.0 2.0 0.080
2 1 1.000000000e+01 58.276085 -130.317522
0 1 1 0.0 0.0
1.750000 1.250000 17.750000 17.250000 3.000000 7.500000

bangui published disc proxy source 9
-5.000000 8.000000 0.250000 0.250000 4.000000 81 89
1 1 1 1
0.1 1.50 -2.0 2.0 0.080
2 1 1.000000000e+01 58.276085 -129.817522
0 1 1 0.0 0.0
1.750000 1.250000 18.250000 17.750000 3.000000 7.500000

bangui published disc proxy source 10
-5.000000 8.000000 0.250000 0.250000 4.000000 81 89
1 1 1 1
0.1 1.50 -2.0 2.0 0.080
2 1 1.000000000e+01 58.276085 -129.317522
0 1 1 0.0 0.0
1.750000 1.250000 18.750000 18.250000 3.000000 7.500000

bangui published disc proxy source 11
-5.000000 8.000000 0.250000 0.250000 4.000000 81 89
1 1 1 1
0.1 1.50 -2.0 2.0 0.080
2 1 1.000000000e+01 58.276085 -128.817522
0 1 1 0.0 0.0
1.750000 1.250000 19.250000 18.750000 3.000000 7.500000

bangui published disc proxy source 12
-5.000000 8.000000 0.250000 0.250000 4.000000 81 89
1 1 1 1
0.1 1.50 -2.0 2.0 0.080
2 1 1.000000000e+01 58.276085 -128.317522
0 1 1 0.0 0.0
1.750000 1.250000 19.750000 19.250000 3.000000 7.500000

bangui published disc proxy source 13
-5.000000 8.000000 0.250000 0.250000 4.000000 81 89
1 1 1 1
0.1 1.50 -2.0 2.0 0.080
2 1 1.000000000e+01 58.276085 -127.817522
0 1 1 0.0 0.0
1.750000 1.250000 20.250000 19.750000 3.000000 7.500000

bangui published disc proxy source 14
-5.000000 8.000000 0.250000 0.250000 4.000000 81 89
1 1 1 1
0.1 1.50 -2.0 2.0 0.080
2 1 1.000000000e+01 58.276085 -127.317522
0 1 1 0.0 0.0
1.750000 1.250000 20.750000 20.250000 3.000000 7.500000

bangui published disc proxy source 15
-5.000000 8.000000 0.250000 0.250000 4.000000 81 89
1 1 1 1
0.1 1.50 -2.0 2.0 0.080
2 1 1.000000000e+01 57.851919 -132.242251
0 1 1 0.0 0.0
2.250000 1.750000 16.250000 15.750000 3.000000 7.500000

bangui published disc proxy source 16
-5.000000 8.000000 0.250000 0.250000 4.000000 81 89
1 1 1 1
0.1 1.50 -2.0 2.0 0.080
2 1 1.000000000e+01 57.851919 -131.742251
0 1 1 0.0 0.0
2.250000 1.750000 16.750000 16.250000 3.000000 7.500000

bangui published disc proxy source 17
-5.000000 8.000000 0.250000 0.250000 4.000000 81 89
1 1 1 1
0.1 1.50 -2.0 2.0 0.080
2 1 1.000000000e+01 57.851919 -131.242251
0 1 1 0.0 0.0
2.250000 1.750000 17.250000 16.750000 3.000000 7.500000

bangui published disc proxy source 18
-5.000000 8.000000 0.250000 0.250000 4.000000 81 89
1 1 1 1
0.1 1.50 -2.0 2.0 0.080
2 1 1.000000000e+01 57.851919 -130.742251
0 1 1 0.0 0.0
2.250000 1.750000 17.750000 17.250000 3.000000 7.500000

bangui published disc proxy source 19
-5.000000 8.000000 0.250000 0.250000 4.000000 81 89
1 1 1 1
0.1 1.50 -2.0 2.0 0.080
2 1 1.000000000e+01 57.851919 -130.242251
0 1 1 0.0 0.0
2.250000 1.750000 18.250000 17.750000 3.000000 7.500000

bangui published disc proxy source 20
-5.000000 8.000000 0.250000 0.250000 4.000000 81 89
1 1 1 1
0.1 1.50 -2.0 2.0 0.080
2 1 1.000000000e+01 57.851919 -129.742251
0 1 1 0.0 0.0
2.250000 1.750000 18.750000 18.250000 3.000000 7.500000

bangui published disc proxy source 21
-5.000000 8.000000 0.250000 0.250000 4.000000 81 89
1 1 1 1
0.1 1.50 -2.0 2.0 0.080
2 1 1.000000000e+01 57.851919 -129.242251
0 1 1 0.0 0.0
2.250000 1.750000 19.250000 18.750000 3.000000 7.500000

bangui published disc proxy source 22
-5.000000 8.000000 0.250000 0.250000 4.000000 81 89
1 1 1 1
0.1 1.50 -2.0 2.0 0.080
2 1 1.000000000e+01 57.851919 -128.742251
0 1 1 0.0 0.0
2.250000 1.750000 19.750000 19.250000 3.000000 7.500000

bangui published disc proxy source 23
-5.000000 8.000000 0.250000 0.250000 4.000000 81 89
1 1 1 1
0.1 1.50 -2.0 2.0 0.080
2 1 1.000000000e+01 57.851919 -128.242251
0 1 1 0.0 0.0
2.250000 1.750000 20.250000 19.750000 3.000000 7.500000

bangui published disc proxy source 24
-5.000000 8.000000 0.250000 0.250000 4.000000 81 89
1 1 1 1
0.1 1.50 -2.0 2.0 0.080
2 1 1.000000000e+01 57.851919 -127.742251
0 1 1 0.0 0.0
2.250000 1.750000 20.750000 20.250000 3.000000 7.500000

bangui published disc proxy source 25
-5.000000 8.000000 0.250000 0.250000 4.000000 81 89
1 1 1 1
0.1 1.50 -2.0 2.0 0.080
2 1 1.000000000e+01 57.851919 -127.242251
0 1 1 0.0 0.0
2.250000 1.750000 21.250000 20.750000 3.000000 7.500000

bangui published disc proxy source 26
-5.000000 8.000000 0.250000 0.250000 4.000000 81 89
1 1 1 1
0.1 1.50 -2.0 2.0 0.080
2 1 1.000000000e+01 57.425829 -133.155137
0 1 1 0.0 0.0
2.750000 2.250000 15.750000 15.250000 3.000000 7.500000

bangui published disc proxy source 27
-5.000000 8.000000 0.250000 0.250000 4.000000 81 89
1 1 1 1
0.1 1.50 -2.0 2.0 0.080
2 1 1.000000000e+01 57.425829 -132.655137
0 1 1 0.0 0.0
2.750000 2.250000 16.250000 15.750000 3.000000 7.500000

bangui published disc proxy source 28
-5.000000 8.000000 0.250000 0.250000 4.000000 81 89
1 1 1 1
0.1 1.50 -2.0 2.0 0.080
2 1 1.000000000e+01 57.425829 -132.155137
0 1 1 0.0 0.0
2.750000 2.250000 16.750000 16.250000 3.000000 7.500000

bangui published disc proxy source 29
-5.000000 8.000000 0.250000 0.250000 4.000000 81 89
1 1 1 1
0.1 1.50 -2.0 2.0 0.080
2 1 1.000000000e+01 57.425829 -131.655137
0 1 1 0.0 0.0
2.750000 2.250000 17.250000 16.750000 3.000000 7.500000

bangui published disc proxy source 30
-5.000000 8.000000 0.250000 0.250000 4.000000 81 89
1 1 1 1
0.1 1.50 -2.0 2.0 0.080
2 1 1.000000000e+01 57.425829 -131.155137
0 1 1 0.0 0.0
2.750000 2.250000 17.750000 17.250000 3.000000 7.500000

bangui published disc proxy source 31
-5.000000 8.000000 0.250000 0.250000 4.000000 81 89
1 1 1 1
0.1 1.50 -2.0 2.0 0.080
2 1 1.000000000e+01 57.425829 -130.655137
0 1 1 0.0 0.0
2.750000 2.250000 18.250000 17.750000 3.000000 7.500000

bangui published disc proxy source 32
-5.000000 8.000000 0.250000 0.250000 4.000000 81 89
1 1 1 1
0.1 1.50 -2.0 2.0 0.080
2 1 1.000000000e+01 57.425829 -130.155137
0 1 1 0.0 0.0
2.750000 2.250000 18.750000 18.250000 3.000000 7.500000

bangui published disc proxy source 33
-5.000000 8.000000 0.250000 0.250000 4.000000 81 89
1 1 1 1
0.1 1.50 -2.0 2.0 0.080
2 1 1.000000000e+01 57.425829 -129.655137
0 1 1 0.0 0.0
2.750000 2.250000 19.250000 18.750000 3.000000 7.500000

bangui published disc proxy source 34
-5.000000 8.000000 0.250000 0.250000 4.000000 81 89
1 1 1 1
0.1 1.50 -2.0 2.0 0.080
2 1 1.000000000e+01 57.425829 -129.155137
0 1 1 0.0 0.0
2.750000 2.250000 19.750000 19.250000 3.000000 7.500000

bangui published disc proxy source 35
-5.000000 8.000000 0.250000 0.250000 4.000000 81 89
1 1 1 1
0.1 1.50 -2.0 2.0 0.080
2 1 1.000000000e+01 57.425829 -128.655137
0 1 1 0.0 0.0
2.750000 2.250000 20.250000 19.750000 3.000000 7.500000

bangui published disc proxy source 36
-5.000000 8.000000 0.250000 0.250000 4.000000 81 89
1 1 1 1
0.1 1.50 -2.0 2.0 0.080
2 1 1.000000000e+01 57.425829 -128.155137
0 1 1 0.0 0.0
2.750000 2.250000 20.750000 20.250000 3.000000 7.500000

bangui published disc proxy source 37
-5.000000 8.000000 0.250000 0.250000 4.000000 81 89
1 1 1 1
0.1 1.50 -2.0 2.0 0.080
2 1 1.000000000e+01 57.425829 -127.655137
0 1 1 0.0 0.0
2.750000 2.250000 21.250000 20.750000 3.000000 7.500000

bangui published disc proxy source 38
-5.000000 8.000000 0.250000 0.250000 4.000000 81 89
1 1 1 1
0.1 1.50 -2.0 2.0 0.080
2 1 1.000000000e+01 57.425829 -127.155137
0 1 1 0.0 0.0
2.750000 2.250000 21.750000 21.250000 3.000000 7.500000

bangui published disc proxy source 39
-5.000000 8.000000 0.250000 0.250000 4.000000 81 89
1 1 1 1
0.1 1.50 -2.0 2.0 0.080
2 1 1.000000000e+01 56.997891 -133.556586
0 1 1 0.0 0.0
3.250000 2.750000 15.750000 15.250000 3.000000 7.500000

bangui published disc proxy source 40
-5.000000 8.000000 0.250000 0.250000 4.000000 81 89
1 1 1 1
0.1 1.50 -2.0 2.0 0.080
2 1 1.000000000e+01 56.997891 -133.056586
0 1 1 0.0 0.0
3.250000 2.750000 16.250000 15.750000 3.000000 7.500000

bangui published disc proxy source 41
-5.000000 8.000000 0.250000 0.250000 4.000000 81 89
1 1 1 1
0.1 1.50 -2.0 2.0 0.080
2 1 1.000000000e+01 56.997891 -132.556586
0 1 1 0.0 0.0
3.250000 2.750000 16.750000 16.250000 3.000000 7.500000

bangui published disc proxy source 42
-5.000000 8.000000 0.250000 0.250000 4.000000 81 89
1 1 1 1
0.1 1.50 -2.0 2.0 0.080
2 1 1.000000000e+01 56.997891 -132.056586
0 1 1 0.0 0.0
3.250000 2.750000 17.250000 16.750000 3.000000 7.500000

bangui published disc proxy source 43
-5.000000 8.000000 0.250000 0.250000 4.000000 81 89
1 1 1 1
0.1 1.50 -2.0 2.0 0.080
2 1 1.000000000e+01 56.997891 -131.556586
0 1 1 0.0 0.0
3.250000 2.750000 17.750000 17.250000 3.000000 7.500000

bangui published disc proxy source 44
-5.000000 8.000000 0.250000 0.250000 4.000000 81 89
1 1 1 1
0.1 1.50 -2.0 2.0 0.080
2 1 1.000000000e+01 56.997891 -131.056586
0 1 1 0.0 0.0
3.250000 2.750000 18.250000 17.750000 3.000000 7.500000

bangui published disc proxy source 45
-5.000000 8.000000 0.250000 0.250000 4.000000 81 89
1 1 1 1
0.1 1.50 -2.0 2.0 0.080
2 1 1.000000000e+01 56.997891 -130.556586
0 1 1 0.0 0.0
3.250000 2.750000 18.750000 18.250000 3.000000 7.500000

bangui published disc proxy source 46
-5.000000 8.000000 0.250000 0.250000 4.000000 81 89
1 1 1 1
0.1 1.50 -2.0 2.0 0.080
2 1 1.000000000e+01 56.997891 -130.056586
0 1 1 0.0 0.0
3.250000 2.750000 19.250000 18.750000 3.000000 7.500000

bangui published disc proxy source 47
-5.000000 8.000000 0.250000 0.250000 4.000000 81 89
1 1 1 1
0.1 1.50 -2.0 2.0 0.080
2 1 1.000000000e+01 56.997891 -129.556586
0 1 1 0.0 0.0
3.250000 2.750000 19.750000 19.250000 3.000000 7.500000

bangui published disc proxy source 48
-5.000000 8.000000 0.250000 0.250000 4.000000 81 89
1 1 1 1
0.1 1.50 -2.0 2.0 0.080
2 1 1.000000000e+01 56.997891 -129.056586
0 1 1 0.0 0.0
3.250000 2.750000 20.250000 19.750000 3.000000 7.500000

bangui published disc proxy source 49
-5.000000 8.000000 0.250000 0.250000 4.000000 81 89
1 1 1 1
0.1 1.50 -2.0 2.0 0.080
2 1 1.000000000e+01 56.997891 -128.556586
0 1 1 0.0 0.0
3.250000 2.750000 20.750000 20.250000 3.000000 7.500000

bangui published disc proxy source 50
-5.000000 8.000000 0.250000 0.250000 4.000000 81 89
1 1 1 1
0.1 1.50 -2.0 2.0 0.080
2 1 1.000000000e+01 56.997891 -128.056586
0 1 1 0.0 0.0
3.250000 2.750000 21.250000 20.750000 3.000000 7.500000

bangui published disc proxy source 51
-5.000000 8.000000 0.250000 0.250000 4.000000 81 89
1 1 1 1
0.1 1.50 -2.0 2.0 0.080
2 1 1.000000000e+01 56.997891 -127.556586
0 1 1 0.0 0.0
3.250000 2.750000 21.750000 21.250000 3.000000 7.500000

bangui published disc proxy source 52
-5.000000 8.000000 0.250000 0.250000 4.000000 81 89
1 1 1 1
0.1 1.50 -2.0 2.0 0.080
2 1 1.000000000e+01 56.568177 -133.946986
0 1 1 0.0 0.0
3.750000 3.250000 15.750000 15.250000 3.000000 7.500000

bangui published disc proxy source 53
-5.000000 8.000000 0.250000 0.250000 4.000000 81 89
1 1 1 1
0.1 1.50 -2.0 2.0 0.080
2 1 1.000000000e+01 56.568177 -133.446986
0 1 1 0.0 0.0
3.750000 3.250000 16.250000 15.750000 3.000000 7.500000

bangui published disc proxy source 54
-5.000000 8.000000 0.250000 0.250000 4.000000 81 89
1 1 1 1
0.1 1.50 -2.0 2.0 0.080
2 1 1.000000000e+01 56.568177 -132.946986
0 1 1 0.0 0.0
3.750000 3.250000 16.750000 16.250000 3.000000 7.500000

bangui published disc proxy source 55
-5.000000 8.000000 0.250000 0.250000 4.000000 81 89
1 1 1 1
0.1 1.50 -2.0 2.0 0.080
2 1 1.000000000e+01 56.568177 -132.446986
0 1 1 0.0 0.0
3.750000 3.250000 17.250000 16.750000 3.000000 7.500000

bangui published disc proxy source 56
-5.000000 8.000000 0.250000 0.250000 4.000000 81 89
1 1 1 1
0.1 1.50 -2.0 2.0 0.080
2 1 1.000000000e+01 56.568177 -131.946986
0 1 1 0.0 0.0
3.750000 3.250000 17.750000 17.250000 3.000000 7.500000

bangui published disc proxy source 57
-5.000000 8.000000 0.250000 0.250000 4.000000 81 89
1 1 1 1
0.1 1.50 -2.0 2.0 0.080
2 1 1.000000000e+01 56.568177 -131.446986
0 1 1 0.0 0.0
3.750000 3.250000 18.250000 17.750000 3.000000 7.500000

bangui published disc proxy source 58
-5.000000 8.000000 0.250000 0.250000 4.000000 81 89
1 1 1 1
0.1 1.50 -2.0 2.0 0.080
2 1 1.000000000e+01 56.568177 -130.946986
0 1 1 0.0 0.0
3.750000 3.250000 18.750000 18.250000 3.000000 7.500000

bangui published disc proxy source 59
-5.000000 8.000000 0.250000 0.250000 4.000000 81 89
1 1 1 1
0.1 1.50 -2.0 2.0 0.080
2 1 1.000000000e+01 56.568177 -130.446986
0 1 1 0.0 0.0
3.750000 3.250000 19.250000 18.750000 3.000000 7.500000

bangui published disc proxy source 60
-5.000000 8.000000 0.250000 0.250000 4.000000 81 89
1 1 1 1
0.1 1.50 -2.0 2.0 0.080
2 1 1.000000000e+01 56.568177 -129.946986
0 1 1 0.0 0.0
3.750000 3.250000 19.750000 19.250000 3.000000 7.500000

bangui published disc proxy source 61
-5.000000 8.000000 0.250000 0.250000 4.000000 81 89
1 1 1 1
0.1 1.50 -2.0 2.0 0.080
2 1 1.000000000e+01 56.568177 -129.446986
0 1 1 0.0 0.0
3.750000 3.250000 20.250000 19.750000 3.000000 7.500000

bangui published disc proxy source 62
-5.000000 8.000000 0.250000 0.250000 4.000000 81 89
1 1 1 1
0.1 1.50 -2.0 2.0 0.080
2 1 1.000000000e+01 56.568177 -128.946986
0 1 1 0.0 0.0
3.750000 3.250000 20.750000 20.250000 3.000000 7.500000

bangui published disc proxy source 63
-5.000000 8.000000 0.250000 0.250000 4.000000 81 89
1 1 1 1
0.1 1.50 -2.0 2.0 0.080
2 1 1.000000000e+01 56.568177 -128.446986
0 1 1 0.0 0.0
3.750000 3.250000 21.250000 20.750000 3.000000 7.500000

bangui published disc proxy source 64
-5.000000 8.000000 0.250000 0.250000 4.000000 81 89
1 1 1 1
0.1 1.50 -2.0 2.0 0.080
2 1 1.000000000e+01 56.568177 -127.946986
0 1 1 0.0 0.0
3.750000 3.250000 21.750000 21.250000 3.000000 7.500000

bangui published disc proxy source 65
-5.000000 8.000000 0.250000 0.250000 4.000000 81 89
1 1 1 1
0.1 1.50 -2.0 2.0 0.080
2 1 1.000000000e+01 56.568177 -127.446986
0 1 1 0.0 0.0
3.750000 3.250000 22.250000 21.750000 3.000000 7.500000

bangui published disc proxy source 66
-5.000000 8.000000 0.250000 0.250000 4.000000 81 89
1 1 1 1
0.1 1.50 -2.0 2.0 0.080
2 1 1.000000000e+01 56.136754 -134.826708
0 1 1 0.0 0.0
4.250000 3.750000 15.250000 14.750000 3.000000 7.500000

bangui published disc proxy source 67
-5.000000 8.000000 0.250000 0.250000 4.000000 81 89
1 1 1 1
0.1 1.50 -2.0 2.0 0.080
2 1 1.000000000e+01 56.136754 -134.326708
0 1 1 0.0 0.0
4.250000 3.750000 15.750000 15.250000 3.000000 7.500000

bangui published disc proxy source 68
-5.000000 8.000000 0.250000 0.250000 4.000000 81 89
1 1 1 1
0.1 1.50 -2.0 2.0 0.080
2 1 1.000000000e+01 56.136754 -133.826708
0 1 1 0.0 0.0
4.250000 3.750000 16.250000 15.750000 3.000000 7.500000

bangui published disc proxy source 69
-5.000000 8.000000 0.250000 0.250000 4.000000 81 89
1 1 1 1
0.1 1.50 -2.0 2.0 0.080
2 1 1.000000000e+01 56.136754 -133.326708
0 1 1 0.0 0.0
4.250000 3.750000 16.750000 16.250000 3.000000 7.500000

bangui published disc proxy source 70
-5.000000 8.000000 0.250000 0.250000 4.000000 81 89
1 1 1 1
0.1 1.50 -2.0 2.0 0.080
2 1 1.000000000e+01 56.136754 -132.826708
0 1 1 0.0 0.0
4.250000 3.750000 17.250000 16.750000 3.000000 7.500000

bangui published disc proxy source 71
-5.000000 8.000000 0.250000 0.250000 4.000000 81 89
1 1 1 1
0.1 1.50 -2.0 2.0 0.080
2 1 1.000000000e+01 56.136754 -132.326708
0 1 1 0.0 0.0
4.250000 3.750000 17.750000 17.250000 3.000000 7.500000

bangui published disc proxy source 72
-5.000000 8.000000 0.250000 0.250000 4.000000 81 89
1 1 1 1
0.1 1.50 -2.0 2.0 0.080
2 1 1.000000000e+01 56.136754 -131.826708
0 1 1 0.0 0.0
4.250000 3.750000 18.250000 17.750000 3.000000 7.500000

bangui published disc proxy source 73
-5.000000 8.000000 0.250000 0.250000 4.000000 81 89
1 1 1 1
0.1 1.50 -2.0 2.0 0.080
2 1 1.000000000e+01 56.136754 -131.326708
0 1 1 0.0 0.0
4.250000 3.750000 18.750000 18.250000 3.000000 7.500000

bangui published disc proxy source 74
-5.000000 8.000000 0.250000 0.250000 4.000000 81 89
1 1 1 1
0.1 1.50 -2.0 2.0 0.080
2 1 1.000000000e+01 56.136754 -130.826708
0 1 1 0.0 0.0
4.250000 3.750000 19.250000 18.750000 3.000000 7.500000

bangui published disc proxy source 75
-5.000000 8.000000 0.250000 0.250000 4.000000 81 89
1 1 1 1
0.1 1.50 -2.0 2.0 0.080
2 1 1.000000000e+01 56.136754 -130.326708
0 1 1 0.0 0.0
4.250000 3.750000 19.750000 19.250000 3.000000 7.500000

bangui published disc proxy source 76
-5.000000 8.000000 0.250000 0.250000 4.000000 81 89
1 1 1 1
0.1 1.50 -2.0 2.0 0.080
2 1 1.000000000e+01 56.136754 -129.826708
0 1 1 0.0 0.0
4.250000 3.750000 20.250000 19.750000 3.000000 7.500000

bangui published disc proxy source 77
-5.000000 8.000000 0.250000 0.250000 4.000000 81 89
1 1 1 1
0.1 1.50 -2.0 2.0 0.080
2 1 1.000000000e+01 56.136754 -129.326708
0 1 1 0.0 0.0
4.250000 3.750000 20.750000 20.250000 3.000000 7.500000

bangui published disc proxy source 78
-5.000000 8.000000 0.250000 0.250000 4.000000 81 89
1 1 1 1
0.1 1.50 -2.0 2.0 0.080
2 1 1.000000000e+01 56.136754 -128.826708
0 1 1 0.0 0.0
4.250000 3.750000 21.250000 20.750000 3.000000 7.500000

bangui published disc proxy source 79
-5.000000 8.000000 0.250000 0.250000 4.000000 81 89
1 1 1 1
0.1 1.50 -2.0 2.0 0.080
2 1 1.000000000e+01 56.136754 -128.326708
0 1 1 0.0 0.0
4.250000 3.750000 21.750000 21.250000 3.000000 7.500000

bangui published disc proxy source 80
-5.000000 8.000000 0.250000 0.250000 4.000000 81 89
1 1 1 1
0.1 1.50 -2.0 2.0 0.080
2 1 1.000000000e+01 56.136754 -127.826708
0 1 1 0.0 0.0
4.250000 3.750000 22.250000 21.750000 3.000000 7.500000

bangui published disc proxy source 81
-5.000000 8.000000 0.250000 0.250000 4.000000 81 89
1 1 1 1
0.1 1.50 -2.0 2.0 0.080
2 1 1.000000000e+01 55.703689 -135.196113
0 1 1 0.0 0.0
4.750000 4.250000 15.250000 14.750000 3.000000 7.500000

bangui published disc proxy source 82
-5.000000 8.000000 0.250000 0.250000 4.000000 81 89
1 1 1 1
0.1 1.50 -2.0 2.0 0.080
2 1 1.000000000e+01 55.703689 -134.696113
0 1 1 0.0 0.0
4.750000 4.250000 15.750000 15.250000 3.000000 7.500000

bangui published disc proxy source 83
-5.000000 8.000000 0.250000 0.250000 4.000000 81 89
1 1 1 1
0.1 1.50 -2.0 2.0 0.080
2 1 1.000000000e+01 55.703689 -134.196113
0 1 1 0.0 0.0
4.750000 4.250000 16.250000 15.750000 3.000000 7.500000

bangui published disc proxy source 84
-5.000000 8.000000 0.250000 0.250000 4.000000 81 89
1 1 1 1
0.1 1.50 -2.0 2.0 0.080
2 1 1.000000000e+01 55.703689 -133.696113
0 1 1 0.0 0.0
4.750000 4.250000 16.750000 16.250000 3.000000 7.500000

bangui published disc proxy source 85
-5.000000 8.000000 0.250000 0.250000 4.000000 81 89
1 1 1 1
0.1 1.50 -2.0 2.0 0.080
2 1 1.000000000e+01 55.703689 -133.196113
0 1 1 0.0 0.0
4.750000 4.250000 17.250000 16.750000 3.000000 7.500000

bangui published disc proxy source 86
-5.000000 8.000000 0.250000 0.250000 4.000000 81 89
1 1 1 1
0.1 1.50 -2.0 2.0 0.080
2 1 1.000000000e+01 55.703689 -132.696113
0 1 1 0.0 0.0
4.750000 4.250000 17.750000 17.250000 3.000000 7.500000

bangui published disc proxy source 87
-5.000000 8.000000 0.250000 0.250000 4.000000 81 89
1 1 1 1
0.1 1.50 -2.0 2.0 0.080
2 1 1.000000000e+01 55.703689 -132.196113
0 1 1 0.0 0.0
4.750000 4.250000 18.250000 17.750000 3.000000 7.500000

bangui published disc proxy source 88
-5.000000 8.000000 0.250000 0.250000 4.000000 81 89
1 1 1 1
0.1 1.50 -2.0 2.0 0.080
2 1 1.000000000e+01 55.703689 -131.696113
0 1 1 0.0 0.0
4.750000 4.250000 18.750000 18.250000 3.000000 7.500000

bangui published disc proxy source 89
-5.000000 8.000000 0.250000 0.250000 4.000000 81 89
1 1 1 1
0.1 1.50 -2.0 2.0 0.080
2 1 1.000000000e+01 55.703689 -131.196113
0 1 1 0.0 0.0
4.750000 4.250000 19.250000 18.750000 3.000000 7.500000

bangui published disc proxy source 90
-5.000000 8.000000 0.250000 0.250000 4.000000 81 89
1 1 1 1
0.1 1.50 -2.0 2.0 0.080
2 1 1.000000000e+01 55.703689 -130.696113
0 1 1 0.0 0.0
4.750000 4.250000 19.750000 19.250000 3.000000 7.500000

bangui published disc proxy source 91
-5.000000 8.000000 0.250000 0.250000 4.000000 81 89
1 1 1 1
0.1 1.50 -2.0 2.0 0.080
2 1 1.000000000e+01 55.703689 -130.196113
0 1 1 0.0 0.0
4.750000 4.250000 20.250000 19.750000 3.000000 7.500000

bangui published disc proxy source 92
-5.000000 8.000000 0.250000 0.250000 4.000000 81 89
1 1 1 1
0.1 1.50 -2.0 2.0 0.080
2 1 1.000000000e+01 55.703689 -129.696113
0 1 1 0.0 0.0
4.750000 4.250000 20.750000 20.250000 3.000000 7.500000

bangui published disc proxy source 93
-5.000000 8.000000 0.250000 0.250000 4.000000 81 89
1 1 1 1
0.1 1.50 -2.0 2.0 0.080
2 1 1.000000000e+01 55.703689 -129.196113
0 1 1 0.0 0.0
4.750000 4.250000 21.250000 20.750000 3.000000 7.500000

bangui published disc proxy source 94
-5.000000 8.000000 0.250000 0.250000 4.000000 81 89
1 1 1 1
0.1 1.50 -2.0 2.0 0.080
2 1 1.000000000e+01 55.703689 -128.696113
0 1 1 0.0 0.0
4.750000 4.250000 21.750000 21.250000 3.000000 7.500000

bangui published disc proxy source 95
-5.000000 8.000000 0.250000 0.250000 4.000000 81 89
1 1 1 1
0.1 1.50 -2.0 2.0 0.080
2 1 1.000000000e+01 55.703689 -128.196113
0 1 1 0.0 0.0
4.750000 4.250000 22.250000 21.750000 3.000000 7.500000

bangui published disc proxy source 96
-5.000000 8.000000 0.250000 0.250000 4.000000 81 89
1 1 1 1
0.1 1.50 -2.0 2.0 0.080
2 1 1.000000000e+01 55.269043 -135.055545
0 1 1 0.0 0.0
5.250000 4.750000 15.750000 15.250000 3.000000 7.500000

bangui published disc proxy source 97
-5.000000 8.000000 0.250000 0.250000 4.000000 81 89
1 1 1 1
0.1 1.50 -2.0 2.0 0.080
2 1 1.000000000e+01 55.269043 -134.555545
0 1 1 0.0 0.0
5.250000 4.750000 16.250000 15.750000 3.000000 7.500000

bangui published disc proxy source 98
-5.000000 8.000000 0.250000 0.250000 4.000000 81 89
1 1 1 1
0.1 1.50 -2.0 2.0 0.080
2 1 1.000000000e+01 55.269043 -134.055545
0 1 1 0.0 0.0
5.250000 4.750000 16.750000 16.250000 3.000000 7.500000

bangui published disc proxy source 99
-5.000000 8.000000 0.250000 0.250000 4.000000 81 89
1 1 1 1
0.1 1.50 -2.0 2.0 0.080
2 1 1.000000000e+01 55.269043 -133.555545
0 1 1 0.0 0.0
5.250000 4.750000 17.250000 16.750000 3.000000 7.500000

bangui published disc proxy source 100
-5.000000 8.000000 0.250000 0.250000 4.000000 81 89
1 1 1 1
0.1 1.50 -2.0 2.0 0.080
2 1 1.000000000e+01 55.269043 -133.055545
0 1 1 0.0 0.0
5.250000 4.750000 17.750000 17.250000 3.000000 7.500000

bangui published disc proxy source 101
-5.000000 8.000000 0.250000 0.250000 4.000000 81 89
1 1 1 1
0.1 1.50 -2.0 2.0 0.080
2 1 1.000000000e+01 55.269043 -132.555545
0 1 1 0.0 0.0
5.250000 4.750000 18.250000 17.750000 3.000000 7.500000

bangui published disc proxy source 102
-5.000000 8.000000 0.250000 0.250000 4.000000 81 89
1 1 1 1
0.1 1.50 -2.0 2.0 0.080
2 1 1.000000000e+01 55.269043 -132.055545
0 1 1 0.0 0.0
5.250000 4.750000 18.750000 18.250000 3.000000 7.500000

bangui published disc proxy source 103
-5.000000 8.000000 0.250000 0.250000 4.000000 81 89
1 1 1 1
0.1 1.50 -2.0 2.0 0.080
2 1 1.000000000e+01 55.269043 -131.555545
0 1 1 0.0 0.0
5.250000 4.750000 19.250000 18.750000 3.000000 7.500000

bangui published disc proxy source 104
-5.000000 8.000000 0.250000 0.250000 4.000000 81 89
1 1 1 1
0.1 1.50 -2.0 2.0 0.080
2 1 1.000000000e+01 55.269043 -131.055545
0 1 1 0.0 0.0
5.250000 4.750000 19.750000 19.250000 3.000000 7.500000

bangui published disc proxy source 105
-5.000000 8.000000 0.250000 0.250000 4.000000 81 89
1 1 1 1
0.1 1.50 -2.0 2.0 0.080
2 1 1.000000000e+01 55.269043 -130.555545
0 1 1 0.0 0.0
5.250000 4.750000 20.250000 19.750000 3.000000 7.500000

bangui published disc proxy source 106
-5.000000 8.000000 0.250000 0.250000 4.000000 81 89
1 1 1 1
0.1 1.50 -2.0 2.0 0.080
2 1 1.000000000e+01 55.269043 -130.055545
0 1 1 0.0 0.0
5.250000 4.750000 20.750000 20.250000 3.000000 7.500000

bangui published disc proxy source 107
-5.000000 8.000000 0.250000 0.250000 4.000000 81 89
1 1 1 1
0.1 1.50 -2.0 2.0 0.080
2 1 1.000000000e+01 55.269043 -129.555545
0 1 1 0.0 0.0
5.250000 4.750000 21.250000 20.750000 3.000000 7.500000

bangui published disc proxy source 108
-5.000000 8.000000 0.250000 0.250000 4.000000 81 89
1 1 1 1
0.1 1.50 -2.0 2.0 0.080
2 1 1.000000000e+01 55.269043 -129.055545
0 1 1 0.0 0.0
5.250000 4.750000 21.750000 21.250000 3.000000 7.500000

bangui published disc proxy source 109
-5.000000 8.000000 0.250000 0.250000 4.000000 81 89
1 1 1 1
0.1 1.50 -2.0 2.0 0.080
2 1 1.000000000e+01 55.269043 -128.555545
0 1 1 0.0 0.0
5.250000 4.750000 22.250000 21.750000 3.000000 7.500000

bangui published disc proxy source 110
-5.000000 8.000000 0.250000 0.250000 4.000000 81 89
1 1 1 1
0.1 1.50 -2.0 2.0 0.080
2 1 1.000000000e+01 54.832876 -135.405333
0 1 1 0.0 0.0
5.750000 5.250000 15.750000 15.250000 3.000000 7.500000

bangui published disc proxy source 111
-5.000000 8.000000 0.250000 0.250000 4.000000 81 89
1 1 1 1
0.1 1.50 -2.0 2.0 0.080
2 1 1.000000000e+01 54.832876 -134.905333
0 1 1 0.0 0.0
5.750000 5.250000 16.250000 15.750000 3.000000 7.500000

bangui published disc proxy source 112
-5.000000 8.000000 0.250000 0.250000 4.000000 81 89
1 1 1 1
0.1 1.50 -2.0 2.0 0.080
2 1 1.000000000e+01 54.832876 -134.405333
0 1 1 0.0 0.0
5.750000 5.250000 16.750000 16.250000 3.000000 7.500000

bangui published disc proxy source 113
-5.000000 8.000000 0.250000 0.250000 4.000000 81 89
1 1 1 1
0.1 1.50 -2.0 2.0 0.080
2 1 1.000000000e+01 54.832876 -133.905333
0 1 1 0.0 0.0
5.750000 5.250000 17.250000 16.750000 3.000000 7.500000

bangui published disc proxy source 114
-5.000000 8.000000 0.250000 0.250000 4.000000 81 89
1 1 1 1
0.1 1.50 -2.0 2.0 0.080
2 1 1.000000000e+01 54.832876 -133.405333
0 1 1 0.0 0.0
5.750000 5.250000 17.750000 17.250000 3.000000 7.500000

bangui published disc proxy source 115
-5.000000 8.000000 0.250000 0.250000 4.000000 81 89
1 1 1 1
0.1 1.50 -2.0 2.0 0.080
2 1 1.000000000e+01 54.832876 -132.905333
0 1 1 0.0 0.0
5.750000 5.250000 18.250000 17.750000 3.000000 7.500000

bangui published disc proxy source 116
-5.000000 8.000000 0.250000 0.250000 4.000000 81 89
1 1 1 1
0.1 1.50 -2.0 2.0 0.080
2 1 1.000000000e+01 54.832876 -132.405333
0 1 1 0.0 0.0
5.750000 5.250000 18.750000 18.250000 3.000000 7.500000

bangui published disc proxy source 117
-5.000000 8.000000 0.250000 0.250000 4.000000 81 89
1 1 1 1
0.1 1.50 -2.0 2.0 0.080
2 1 1.000000000e+01 54.832876 -131.905333
0 1 1 0.0 0.0
5.750000 5.250000 19.250000 18.750000 3.000000 7.500000

bangui published disc proxy source 118
-5.000000 8.000000 0.250000 0.250000 4.000000 81 89
1 1 1 1
0.1 1.50 -2.0 2.0 0.080
2 1 1.000000000e+01 54.832876 -131.405333
0 1 1 0.0 0.0
5.750000 5.250000 19.750000 19.250000 3.000000 7.500000

bangui published disc proxy source 119
-5.000000 8.000000 0.250000 0.250000 4.000000 81 89
1 1 1 1
0.1 1.50 -2.0 2.0 0.080
2 1 1.000000000e+01 54.832876 -130.905333
0 1 1 0.0 0.0
5.750000 5.250000 20.250000 19.750000 3.000000 7.500000

bangui published disc proxy source 120
-5.000000 8.000000 0.250000 0.250000 4.000000 81 89
1 1 1 1
0.1 1.50 -2.0 2.0 0.080
2 1 1.000000000e+01 54.832876 -130.405333
0 1 1 0.0 0.0
5.750000 5.250000 20.750000 20.250000 3.000000 7.500000

bangui published disc proxy source 121
-5.000000 8.000000 0.250000 0.250000 4.000000 81 89
1 1 1 1
0.1 1.50 -2.0 2.0 0.080
2 1 1.000000000e+01 54.832876 -129.905333
0 1 1 0.0 0.0
5.750000 5.250000 21.250000 20.750000 3.000000 7.500000

bangui published disc proxy source 122
-5.000000 8.000000 0.250000 0.250000 4.000000 81 89
1 1 1 1
0.1 1.50 -2.0 2.0 0.080
2 1 1.000000000e+01 54.832876 -129.405333
0 1 1 0.0 0.0
5.750000 5.250000 21.750000 21.250000 3.000000 7.500000

bangui published disc proxy source 123
-5.000000 8.000000 0.250000 0.250000 4.000000 81 89
1 1 1 1
0.1 1.50 -2.0 2.0 0.080
2 1 1.000000000e+01 54.395244 -135.745798
0 1 1 0.0 0.0
6.250000 5.750000 15.750000 15.250000 3.000000 7.500000

bangui published disc proxy source 124
-5.000000 8.000000 0.250000 0.250000 4.000000 81 89
1 1 1 1
0.1 1.50 -2.0 2.0 0.080
2 1 1.000000000e+01 54.395244 -135.245798
0 1 1 0.0 0.0
6.250000 5.750000 16.250000 15.750000 3.000000 7.500000

bangui published disc proxy source 125
-5.000000 8.000000 0.250000 0.250000 4.000000 81 89
1 1 1 1
0.1 1.50 -2.0 2.0 0.080
2 1 1.000000000e+01 54.395244 -134.745798
0 1 1 0.0 0.0
6.250000 5.750000 16.750000 16.250000 3.000000 7.500000

bangui published disc proxy source 126
-5.000000 8.000000 0.250000 0.250000 4.000000 81 89
1 1 1 1
0.1 1.50 -2.0 2.0 0.080
2 1 1.000000000e+01 54.395244 -134.245798
0 1 1 0.0 0.0
6.250000 5.750000 17.250000 16.750000 3.000000 7.500000

bangui published disc proxy source 127
-5.000000 8.000000 0.250000 0.250000 4.000000 81 89
1 1 1 1
0.1 1.50 -2.0 2.0 0.080
2 1 1.000000000e+01 54.395244 -133.745798
0 1 1 0.0 0.0
6.250000 5.750000 17.750000 17.250000 3.000000 7.500000

bangui published disc proxy source 128
-5.000000 8.000000 0.250000 0.250000 4.000000 81 89
1 1 1 1
0.1 1.50 -2.0 2.0 0.080
2 1 1.000000000e+01 54.395244 -133.245798
0 1 1 0.0 0.0
6.250000 5.750000 18.250000 17.750000 3.000000 7.500000

bangui published disc proxy source 129
-5.000000 8.000000 0.250000 0.250000 4.000000 81 89
1 1 1 1
0.1 1.50 -2.0 2.0 0.080
2 1 1.000000000e+01 54.395244 -132.745798
0 1 1 0.0 0.0
6.250000 5.750000 18.750000 18.250000 3.000000 7.500000

bangui published disc proxy source 130
-5.000000 8.000000 0.250000 0.250000 4.000000 81 89
1 1 1 1
0.1 1.50 -2.0 2.0 0.080
2 1 1.000000000e+01 54.395244 -132.245798
0 1 1 0.0 0.0
6.250000 5.750000 19.250000 18.750000 3.000000 7.500000

bangui published disc proxy source 131
-5.000000 8.000000 0.250000 0.250000 4.000000 81 89
1 1 1 1
0.1 1.50 -2.0 2.0 0.080
2 1 1.000000000e+01 54.395244 -131.745798
0 1 1 0.0 0.0
6.250000 5.750000 19.750000 19.250000 3.000000 7.500000

bangui published disc proxy source 132
-5.000000 8.000000 0.250000 0.250000 4.000000 81 89
1 1 1 1
0.1 1.50 -2.0 2.0 0.080
2 1 1.000000000e+01 54.395244 -131.245798
0 1 1 0.0 0.0
6.250000 5.750000 20.250000 19.750000 3.000000 7.500000

bangui published disc proxy source 133
-5.000000 8.000000 0.250000 0.250000 4.000000 81 89
1 1 1 1
0.1 1.50 -2.0 2.0 0.080
2 1 1.000000000e+01 54.395244 -130.745798
0 1 1 0.0 0.0
6.250000 5.750000 20.750000 20.250000 3.000000 7.500000

bangui published disc proxy source 134
-5.000000 8.000000 0.250000 0.250000 4.000000 81 89
1 1 1 1
0.1 1.50 -2.0 2.0 0.080
2 1 1.000000000e+01 54.395244 -130.245798
0 1 1 0.0 0.0
6.250000 5.750000 21.250000 20.750000 3.000000 7.500000

bangui published disc proxy source 135
-5.000000 8.000000 0.250000 0.250000 4.000000 81 89
1 1 1 1
0.1 1.50 -2.0 2.0 0.080
2 1 1.000000000e+01 54.395244 -129.745798
0 1 1 0.0 0.0
6.250000 5.750000 21.750000 21.250000 3.000000 7.500000

bangui published disc proxy source 136
-5.000000 8.000000 0.250000 0.250000 4.000000 81 89
1 1 1 1
0.1 1.50 -2.0 2.0 0.080
2 1 1.000000000e+01 53.956202 -135.577243
0 1 1 0.0 0.0
6.750000 6.250000 16.250000 15.750000 3.000000 7.500000

bangui published disc proxy source 137
-5.000000 8.000000 0.250000 0.250000 4.000000 81 89
1 1 1 1
0.1 1.50 -2.0 2.0 0.080
2 1 1.000000000e+01 53.956202 -135.077243
0 1 1 0.0 0.0
6.750000 6.250000 16.750000 16.250000 3.000000 7.500000

bangui published disc proxy source 138
-5.000000 8.000000 0.250000 0.250000 4.000000 81 89
1 1 1 1
0.1 1.50 -2.0 2.0 0.080
2 1 1.000000000e+01 53.956202 -134.577243
0 1 1 0.0 0.0
6.750000 6.250000 17.250000 16.750000 3.000000 7.500000

bangui published disc proxy source 139
-5.000000 8.000000 0.250000 0.250000 4.000000 81 89
1 1 1 1
0.1 1.50 -2.0 2.0 0.080
2 1 1.000000000e+01 53.956202 -134.077243
0 1 1 0.0 0.0
6.750000 6.250000 17.750000 17.250000 3.000000 7.500000

bangui published disc proxy source 140
-5.000000 8.000000 0.250000 0.250000 4.000000 81 89
1 1 1 1
0.1 1.50 -2.0 2.0 0.080
2 1 1.000000000e+01 53.956202 -133.577243
0 1 1 0.0 0.0
6.750000 6.250000 18.250000 17.750000 3.000000 7.500000

bangui published disc proxy source 141
-5.000000 8.000000 0.250000 0.250000 4.000000 81 89
1 1 1 1
0.1 1.50 -2.0 2.0 0.080
2 1 1.000000000e+01 53.956202 -133.077243
0 1 1 0.0 0.0
6.750000 6.250000 18.750000 18.250000 3.000000 7.500000

bangui published disc proxy source 142
-5.000000 8.000000 0.250000 0.250000 4.000000 81 89
1 1 1 1
0.1 1.50 -2.0 2.0 0.080
2 1 1.000000000e+01 53.956202 -132.577243
0 1 1 0.0 0.0
6.750000 6.250000 19.250000 18.750000 3.000000 7.500000

bangui published disc proxy source 143
-5.000000 8.000000 0.250000 0.250000 4.000000 81 89
1 1 1 1
0.1 1.50 -2.0 2.0 0.080
2 1 1.000000000e+01 53.956202 -132.077243
0 1 1 0.0 0.0
6.750000 6.250000 19.750000 19.250000 3.000000 7.500000

bangui published disc proxy source 144
-5.000000 8.000000 0.250000 0.250000 4.000000 81 89
1 1 1 1
0.1 1.50 -2.0 2.0 0.080
2 1 1.000000000e+01 53.956202 -131.577243
0 1 1 0.0 0.0
6.750000 6.250000 20.250000 19.750000 3.000000 7.500000

bangui published disc proxy source 145
-5.000000 8.000000 0.250000 0.250000 4.000000 81 89
1 1 1 1
0.1 1.50 -2.0 2.0 0.080
2 1 1.000000000e+01 53.956202 -131.077243
0 1 1 0.0 0.0
6.750000 6.250000 20.750000 20.250000 3.000000 7.500000

bangui published disc proxy source 146
-5.000000 8.000000 0.250000 0.250000 4.000000 81 89
1 1 1 1
0.1 1.50 -2.0 2.0 0.080
2 1 1.000000000e+01 53.956202 -130.577243
0 1 1 0.0 0.0
6.750000 6.250000 21.250000 20.750000 3.000000 7.500000

bangui published disc proxy source 147
-5.000000 8.000000 0.250000 0.250000 4.000000 81 89
1 1 1 1
0.1 1.50 -2.0 2.0 0.080
2 1 1.000000000e+01 53.515801 -135.399963
0 1 1 0.0 0.0
7.250000 6.750000 16.750000 16.250000 3.000000 7.500000

bangui published disc proxy source 148
-5.000000 8.000000 0.250000 0.250000 4.000000 81 89
1 1 1 1
0.1 1.50 -2.0 2.0 0.080
2 1 1.000000000e+01 53.515801 -134.899963
0 1 1 0.0 0.0
7.250000 6.750000 17.250000 16.750000 3.000000 7.500000

bangui published disc proxy source 149
-5.000000 8.000000 0.250000 0.250000 4.000000 81 89
1 1 1 1
0.1 1.50 -2.0 2.0 0.080
2 1 1.000000000e+01 53.515801 -134.399963
0 1 1 0.0 0.0
7.250000 6.750000 17.750000 17.250000 3.000000 7.500000

bangui published disc proxy source 150
-5.000000 8.000000 0.250000 0.250000 4.000000 81 89
1 1 1 1
0.1 1.50 -2.0 2.0 0.080
2 1 1.000000000e+01 53.515801 -133.899963
0 1 1 0.0 0.0
7.250000 6.750000 18.250000 17.750000 3.000000 7.500000

bangui published disc proxy source 151
-5.000000 8.000000 0.250000 0.250000 4.000000 81 89
1 1 1 1
0.1 1.50 -2.0 2.0 0.080
2 1 1.000000000e+01 53.515801 -133.399963
0 1 1 0.0 0.0
7.250000 6.750000 18.750000 18.250000 3.000000 7.500000

bangui published disc proxy source 152
-5.000000 8.000000 0.250000 0.250000 4.000000 81 89
1 1 1 1
0.1 1.50 -2.0 2.0 0.080
2 1 1.000000000e+01 53.515801 -132.899963
0 1 1 0.0 0.0
7.250000 6.750000 19.250000 18.750000 3.000000 7.500000

bangui published disc proxy source 153
-5.000000 8.000000 0.250000 0.250000 4.000000 81 89
1 1 1 1
0.1 1.50 -2.0 2.0 0.080
2 1 1.000000000e+01 53.515801 -132.399963
0 1 1 0.0 0.0
7.250000 6.750000 19.750000 19.250000 3.000000 7.500000

bangui published disc proxy source 154
-5.000000 8.000000 0.250000 0.250000 4.000000 81 89
1 1 1 1
0.1 1.50 -2.0 2.0 0.080
2 1 1.000000000e+01 53.515801 -131.899963
0 1 1 0.0 0.0
7.250000 6.750000 20.250000 19.750000 3.000000 7.500000

bangui published disc proxy source 155
-5.000000 8.000000 0.250000 0.250000 4.000000 81 89
1 1 1 1
0.1 1.50 -2.0 2.0 0.080
2 1 1.000000000e+01 53.515801 -131.399963
0 1 1 0.0 0.0
7.250000 6.750000 20.750000 20.250000 3.000000 7.500000

bangui published disc proxy source 156
-5.000000 8.000000 0.250000 0.250000 4.000000 81 89
1 1 1 1
0.1 1.50 -2.0 2.0 0.080
2 1 1.000000000e+01 53.515801 -130.899963
0 1 1 0.0 0.0
7.250000 6.750000 21.250000 20.750000 3.000000 7.500000

bangui published disc proxy source 157
-5.000000 8.000000 0.250000 0.250000 4.000000 81 89
1 1 1 1
0.1 1.50 -2.0 2.0 0.080
2 1 1.000000000e+01 53.074091 -135.214239
0 1 1 0.0 0.0
7.750000 7.250000 17.250000 16.750000 3.000000 7.500000

bangui published disc proxy source 158
-5.000000 8.000000 0.250000 0.250000 4.000000 81 89
1 1 1 1
0.1 1.50 -2.0 2.0 0.080
2 1 1.000000000e+01 53.074091 -134.714239
0 1 1 0.0 0.0
7.750000 7.250000 17.750000 17.250000 3.000000 7.500000

bangui published disc proxy source 159
-5.000000 8.000000 0.250000 0.250000 4.000000 81 89
1 1 1 1
0.1 1.50 -2.0 2.0 0.080
2 1 1.000000000e+01 53.074091 -134.214239
0 1 1 0.0 0.0
7.750000 7.250000 18.250000 17.750000 3.000000 7.500000

bangui published disc proxy source 160
-5.000000 8.000000 0.250000 0.250000 4.000000 81 89
1 1 1 1
0.1 1.50 -2.0 2.0 0.080
2 1 1.000000000e+01 53.074091 -133.714239
0 1 1 0.0 0.0
7.750000 7.250000 18.750000 18.250000 3.000000 7.500000

bangui published disc proxy source 161
-5.000000 8.000000 0.250000 0.250000 4.000000 81 89
1 1 1 1
0.1 1.50 -2.0 2.0 0.080
2 1 1.000000000e+01 53.074091 -133.214239
0 1 1 0.0 0.0
7.750000 7.250000 19.250000 18.750000 3.000000 7.500000

bangui published disc proxy source 162
-5.000000 8.000000 0.250000 0.250000 4.000000 81 89
1 1 1 1
0.1 1.50 -2.0 2.0 0.080
2 1 1.000000000e+01 53.074091 -132.714239
0 1 1 0.0 0.0
7.750000 7.250000 19.750000 19.250000 3.000000 7.500000

bangui published disc proxy source 163
-5.000000 8.000000 0.250000 0.250000 4.000000 81 89
1 1 1 1
0.1 1.50 -2.0 2.0 0.080
2 1 1.000000000e+01 53.074091 -132.214239
0 1 1 0.0 0.0
7.750000 7.250000 20.250000 19.750000 3.000000 7.500000

